00001111010110111111111111111110
00001011000110011111111111111100
00101000000000000000000000001001
00000000001000100000000000000011
00000000100001010001100000000100
00000000111010000011000000000000
00000001010010110100100000000001
00000101101011100110000000000001
00000010000000000111101111000110
00000000000000001000100000001001
01010010010000000000000000000000
01100110100100110000000000000000
00110110101000000000000000000000
01010110111101100000000000000000
00111100000000011111111111111011
00100000001000111111111111111010
00011000001000111111111111111001
00011100001000111111111111111000
00011000001000111111111111110111
00111000000000000000000000001010
00001011000110010000000000001111
00001111010110110000000000000010
00010011100111010000000000010110
